=========================================
SLURM_JOB_ID = 615310
SLURM_JOB_NODELIST = node5-21
SLURM_CPUS_ON_NODE = 4
SLURM_JOB_PARTITION = titan_X
SLURM_TASK_PID = 3309400
==========================================
/home/common/dorohin.sv/makarova/venv/bin/python3
The model has 32,584 trainable parameters
ELEMENT  0
None
None
None
None
tensor([[-2.8876e+02],
        [ 1.0611e+02],
        [-4.3163e+02],
        [ 3.0838e+02],
        [-4.6228e+02],
        [ 2.2774e+02],
        [-1.5918e+02],
        [-2.1513e+02],
        [-2.1007e+02],
        [ 1.5415e+02],
        [-1.7951e+02],
        [ 8.2997e+01],
        [ 5.8184e+02],
        [-4.3342e+02],
        [-3.9532e+02],
        [-3.4576e+02],
        [ 2.1103e+02],
        [-5.1535e+02],
        [-2.3329e+02],
        [-6.8886e+02],
        [ 3.5110e+02],
        [ 1.5648e+01],
        [-1.8955e+01],
        [ 1.5751e+01],
        [-2.5761e+02],
        [-1.0993e+02],
        [-2.7078e+02],
        [ 2.8023e+02],
        [-4.1801e+01],
        [-4.1953e+02],
        [ 5.4196e+02],
        [-6.1297e+02],
        [-8.9924e+01],
        [-4.2881e+01],
        [ 3.1269e+02],
        [-1.2911e+02],
        [-5.5944e+02],
        [ 1.4092e+02],
        [ 9.6364e+02],
        [-7.4181e+02],
        [ 5.6763e+02],
        [-3.8443e+02],
        [-1.8251e+02],
        [ 7.1088e+02],
        [ 1.8840e+02],
        [ 3.4005e+02],
        [ 2.0174e+02],
        [ 1.6001e+02],
        [-6.1298e+02],
        [ 7.2481e+01],
        [-2.1346e+02],
        [-6.2661e+02],
        [ 1.8475e+02],
        [ 4.5367e+02],
        [-2.4672e+01],
        [-2.6191e+02],
        [ 2.2842e+02],
        [ 1.0000e+03],
        [ 2.7806e+02],
        [-6.0072e+02],
        [ 1.8427e+01],
        [-5.7701e+02],
        [ 3.8246e+01],
        [ 1.3570e+02],
        [ 1.0047e+02],
        [-6.9684e+01],
        [ 1.3032e+02],
        [-2.5222e+02],
        [ 1.7209e+02],
        [-2.4748e+02],
        [-2.1177e+02],
        [ 5.9594e+02],
        [ 2.8628e+01],
        [-2.9033e+02],
        [-9.7321e+01],
        [ 8.8088e+00],
        [-4.4391e+02],
        [-4.3205e+01],
        [-8.3269e+01],
        [ 7.5625e+01],
        [ 2.6224e+01],
        [ 9.0465e+00],
        [-1.2466e+02],
        [ 4.3295e+02],
        [-9.6604e+02],
        [ 6.4461e+00],
        [ 5.6094e+02],
        [ 3.9577e+02],
        [-1.0859e+01],
        [ 4.3757e+02],
        [ 8.0194e+01],
        [ 2.3690e+02],
        [-1.7992e+02],
        [ 1.4913e+02],
        [ 3.1813e+02],
        [ 1.6447e+02],
        [ 2.0697e+02],
        [ 1.0890e+02],
        [ 8.8216e+01],
        [ 2.2977e+00],
        [ 2.0993e+02],
        [ 3.8470e+02],
        [-5.2808e+00],
        [-8.6949e+02],
        [ 2.4643e+02],
        [-2.0869e+02],
        [ 3.7642e+02],
        [ 1.6016e+01],
        [ 2.2806e+02],
        [-1.9770e+02],
        [ 2.0481e+02],
        [-1.1080e+03],
        [ 6.6618e+02],
        [ 3.0093e+02],
        [ 2.8005e+02],
        [-4.0684e+00],
        [ 5.9672e+02],
        [ 3.8198e+02],
        [ 2.2560e+02],
        [-3.3710e+02],
        [ 5.8077e+02],
        [ 7.1584e+02],
        [ 4.0076e+02],
        [ 1.7397e+02],
        [ 2.4608e+01],
        [ 2.7806e+02],
        [ 5.4753e+02],
        [-7.3528e+01],
        [-4.8239e+00],
        [ 3.3042e+02],
        [ 9.8491e+01],
        [-5.5130e+02],
        [ 1.2312e+03],
        [-1.8811e+02],
        [-9.8406e+02],
        [-1.9343e+02],
        [ 2.0301e+02],
        [ 5.7106e+02],
        [-8.2040e+02],
        [-3.6714e+02],
        [-3.5344e+02],
        [ 4.8528e+02],
        [ 1.0316e+03],
        [ 1.5444e+02],
        [-6.4850e+02],
        [ 4.7096e+02],
        [-3.6706e+02],
        [ 7.9033e+02],
        [-4.3489e+02],
        [ 5.4175e+02],
        [-1.2450e+02],
        [ 7.5655e+01],
        [-6.1896e+02],
        [-1.4025e+02],
        [-5.4606e+02],
        [-3.0555e+02],
        [-5.3137e+02],
        [-1.6460e+02],
        [-1.5329e+03],
        [ 3.0844e+02],
        [ 5.1684e+02],
        [-1.2928e+02],
        [-5.3806e+01],
        [-3.9123e+02],
        [ 4.0847e+02],
        [-6.3285e+02],
        [-9.2453e+01],
        [-2.7010e+02],
        [ 2.1404e+00],
        [ 2.5775e+02],
        [ 3.0585e+02],
        [-2.7536e+02],
        [ 3.7037e+02],
        [ 2.8148e+02],
        [-4.4893e+02],
        [-5.2447e+02],
        [ 6.3824e+01],
        [ 4.2888e+02],
        [-3.4476e+01],
        [ 1.8715e+02],
        [ 2.1001e+02],
        [ 1.7762e+02],
        [ 3.4263e+02],
        [ 3.6073e+02],
        [ 5.3427e+01],
        [ 1.4820e+02],
        [ 1.1140e+03],
        [ 1.5786e+02],
        [ 7.4021e+02],
        [-3.2221e+02],
        [-7.8596e-03],
        [ 5.0280e+02],
        [ 2.4144e+02],
        [ 8.3929e+01],
        [-1.5846e+02],
        [-2.1756e+02],
        [-4.0387e+02],
        [-1.2444e+02],
        [-1.6487e+02],
        [-7.5635e+01],
        [-3.3996e+02],
        [-2.2409e+02],
        [ 4.4110e+02],
        [-7.7610e+01],
        [-2.4318e+02],
        [-3.0312e+02],
        [-1.8455e+03],
        [ 1.7556e+02],
        [-4.1895e+02],
        [-2.9954e+02],
        [ 2.2510e+02],
        [ 1.1468e+02],
        [ 1.0094e+03],
        [-5.6793e+02],
        [-1.1486e+03],
        [ 2.9775e+02],
        [-2.4012e+02],
        [-4.1157e+02],
        [ 8.2566e+02],
        [-2.0338e+02],
        [-6.9461e+01],
        [ 3.3013e+02],
        [-7.6106e+01],
        [ 1.7354e+02],
        [ 1.0533e+03],
        [-4.1514e+02],
        [-8.0584e+02],
        [ 3.4042e+01],
        [ 1.0863e+02],
        [ 9.7027e+01],
        [ 6.8584e+02],
        [ 3.4526e+02],
        [-1.5204e+03],
        [-3.7980e+02],
        [-3.7890e+01],
        [-6.7583e+01],
        [-2.7023e+02],
        [-2.4683e+02],
        [ 1.1285e+02],
        [-7.5767e+01],
        [ 7.8979e+01],
        [ 2.1522e+02],
        [-3.7188e+02],
        [-4.5845e+02],
        [-4.9684e+01],
        [ 6.4288e+01],
        [-2.0352e+02],
        [-3.3994e+02],
        [-9.4133e+02],
        [-1.3702e+02],
        [ 7.5360e+02],
        [-2.9600e+01],
        [-9.6322e+01],
        [-2.7238e+02],
        [ 5.3860e+02],
        [-1.1885e+02]], device='cuda:0')
None
tensor([[ 0.0019,  0.0009, -0.0049,  ..., -0.0038, -0.0077, -0.0004],
        [ 0.0019,  0.0009, -0.0049,  ..., -0.0038, -0.0077, -0.0004],
        [ 0.0013,  0.0007, -0.0035,  ..., -0.0024, -0.0054, -0.0004],
        ...,
        [-0.0011, -0.0006,  0.0019,  ...,  0.0019,  0.0028, -0.0004],
        [-0.0012, -0.0006,  0.0022,  ...,  0.0021,  0.0032, -0.0003],
        [-0.0012, -0.0006,  0.0024,  ...,  0.0022,  0.0034, -0.0003]],
       device='cuda:0')
ELEMENT  1
None
None
None
None
tensor([[-29.2144],
        [-22.5204],
        [-29.0834],
        [ 45.9010],
        [-51.2664],
        [  9.4547],
        [-17.0998],
        [-32.2287],
        [-15.1394],
        [  6.6499],
        [-23.2248],
        [  7.6869],
        [  8.4590],
        [  8.9722],
        [ 12.6431],
        [  6.9697],
        [ 14.0473],
        [-33.4955],
        [-19.3738],
        [-17.2480],
        [ 16.1941],
        [ 16.8486],
        [-45.2397],
        [ 40.9402],
        [ 16.2453],
        [-17.5539],
        [ 25.9747],
        [ -2.2060],
        [ 14.2619],
        [ 22.0549],
        [ 12.2641],
        [  6.4127],
        [ 46.8130],
        [ 10.3505],
        [ 31.2936],
        [-21.4495],
        [-43.9050],
        [  5.8629],
        [-49.8691],
        [ 19.9910],
        [  0.4180],
        [  3.0095],
        [  8.0518],
        [ -7.7492],
        [ 22.6176],
        [ 21.8890],
        [ -8.6239],
        [ 35.8431],
        [ -5.8413],
        [ 40.4604],
        [-23.7944],
        [ 14.3045],
        [ -9.8429],
        [ -2.9050],
        [ 29.0573],
        [ 31.4588],
        [ -9.2184],
        [ -7.6989],
        [-22.2881],
        [ 36.5733],
        [ 30.8793],
        [-12.9222],
        [  0.9499],
        [ 35.1065],
        [-10.0538],
        [  0.3235],
        [ -4.6803],
        [ 18.6339],
        [-12.9357],
        [-17.8521],
        [-12.8518],
        [ 17.7711],
        [  1.7191],
        [ -3.3622],
        [ -9.6928],
        [ -5.9150],
        [-16.5044],
        [ 15.8090],
        [  2.6035],
        [-19.7830],
        [-14.8361],
        [ 19.0889],
        [ 11.8935],
        [ 31.4112],
        [-22.3418],
        [-15.8112],
        [-10.4540],
        [  1.3591],
        [ -9.6859],
        [-31.1052],
        [-14.5589],
        [ 22.7900],
        [-23.8508],
        [ -0.6314],
        [-28.7044],
        [  8.3847],
        [ 20.7633],
        [ -6.8943],
        [ 17.5101],
        [ -4.7362],
        [ -0.7531],
        [ 14.4907],
        [  2.1345],
        [ 38.9915],
        [ 25.9359],
        [-24.2378],
        [-21.7983],
        [-12.5683],
        [-16.0570],
        [ 53.7688],
        [ 42.1432],
        [ -8.6620],
        [-17.6483],
        [  5.6862],
        [ 13.0721],
        [ 21.7018],
        [-11.5788],
        [  6.5347],
        [  4.2384],
        [  0.9253],
        [-15.1893],
        [ -2.7107],
        [-12.7874],
        [-29.8626],
        [ -1.4471],
        [-29.1154],
        [  1.9717],
        [ -2.6265],
        [ -1.1821],
        [-11.8188],
        [-33.0168],
        [ 23.6400],
        [ 42.7888],
        [-48.2354],
        [ 24.8142],
        [ 11.2014],
        [  4.9854],
        [ 49.0423],
        [ 34.0716],
        [ 16.7377],
        [-17.1864],
        [ 25.2204],
        [-68.0780],
        [ 19.3904],
        [  6.5033],
        [-39.8962],
        [  8.6544],
        [ 10.6930],
        [  5.3699],
        [  2.7722],
        [ 45.9893],
        [-48.4281],
        [ 57.6447],
        [-14.4723],
        [ -7.1221],
        [ 14.0378],
        [ 14.1383],
        [ 11.9161],
        [ 19.3889],
        [ -7.2362],
        [-12.8236],
        [ 13.0617],
        [-13.2730],
        [ 15.6951],
        [-57.2743],
        [-23.2401],
        [-25.5110],
        [-15.2463],
        [ -9.2719],
        [ 20.0946],
        [  3.1478],
        [  2.8330],
        [-10.5028],
        [ 15.5404],
        [-83.1058],
        [ 26.6507],
        [ 35.6931],
        [ -9.5474],
        [-18.7203],
        [ 37.6873],
        [-43.0031],
        [-17.5225],
        [ 17.3902],
        [-23.3244],
        [-30.2560],
        [  9.3987],
        [-33.1417],
        [ -5.3416],
        [-48.4536],
        [ 17.4020],
        [-61.1508],
        [ 19.0677],
        [  2.1517],
        [-15.7642],
        [ -5.4098],
        [  2.6190],
        [  2.2540],
        [ -0.5083],
        [-14.8929],
        [ -0.6069],
        [ 49.0121],
        [ 22.4946],
        [-29.1527],
        [ 11.1287],
        [ 42.9690],
        [ -8.2170],
        [ -6.6816],
        [-27.1327],
        [ 27.8384],
        [ -2.2082],
        [ -2.5152],
        [-12.8549],
        [-20.1724],
        [ 20.2183],
        [-10.8874],
        [  0.3596],
        [ 10.3884],
        [  0.3323],
        [-18.4112],
        [  9.5825],
        [ 67.5108],
        [-33.0812],
        [ 11.4595],
        [  0.9805],
        [-35.5374],
        [-13.0956],
        [  3.5293],
        [  4.0375],
        [ 30.3306],
        [-15.2400],
        [ 25.0027],
        [ -5.3172],
        [ 33.3017],
        [ -3.9544],
        [ 27.5377],
        [ 15.5240],
        [-17.8297],
        [-10.5853],
        [ -9.3907],
        [-32.5855],
        [ 22.3621],
        [ -5.3162],
        [ 18.2127],
        [-16.3753],
        [  7.9684],
        [-15.3975],
        [-14.0362],
        [  3.0999],
        [-45.7442],
        [  3.3610],
        [  5.1722],
        [ 18.9710],
        [ 28.6613],
        [-12.2562],
        [-13.6769],
        [ 17.0773]], device='cuda:0')
None
tensor([[-0.0007, -0.0004,  0.0057,  ...,  0.0035,  0.0029,  0.0020],
        [-0.0007, -0.0004,  0.0057,  ...,  0.0035,  0.0029,  0.0020],
        [-0.0007, -0.0004,  0.0057,  ...,  0.0035,  0.0029,  0.0020],
        ...,
        [ 0.0007,  0.0004, -0.0057,  ..., -0.0035, -0.0029, -0.0020],
        [ 0.0007,  0.0004, -0.0057,  ..., -0.0035, -0.0029, -0.0020],
        [ 0.0007,  0.0004, -0.0057,  ..., -0.0035, -0.0029, -0.0020]],
       device='cuda:0')
ELEMENT  2
None
None
None
None
tensor([[ 125.1776],
        [  25.9873],
        [  18.4770],
        [ -26.5194],
        [  34.1728],
        [  -0.2877],
        [ 119.9154],
        [ -67.8981],
        [  47.6854],
        [ -15.0238],
        [  89.3189],
        [ -40.1027],
        [  75.5925],
        [ 129.8103],
        [  21.0148],
        [  97.7887],
        [  11.5042],
        [  17.4634],
        [   0.9358],
        [  84.5567],
        [  33.4228],
        [   3.9926],
        [  28.8247],
        [  87.9721],
        [ -31.6075],
        [  66.2785],
        [ -18.5104],
        [   0.9272],
        [  33.1965],
        [ 155.4671],
        [  67.3431],
        [ 148.5371],
        [  75.6525],
        [  82.5073],
        [ -14.0756],
        [  36.7809],
        [  58.9764],
        [  36.2418],
        [ -14.5184],
        [ 187.0606],
        [-165.5477],
        [ 102.7280],
        [-125.6133],
        [ -31.3290],
        [-187.8244],
        [ -17.8748],
        [  13.8204],
        [  72.6464],
        [  81.2670],
        [ -19.4481],
        [  86.9553],
        [  66.1835],
        [ -14.2892],
        [ -98.9224],
        [  71.2910],
        [  56.3959],
        [-136.8138],
        [ -67.7281],
        [ -76.1512],
        [  82.2287],
        [   7.2168],
        [  83.7550],
        [  -1.6121],
        [ -39.1061],
        [ -93.1491],
        [  -2.5807],
        [-151.0143],
        [ -58.2589],
        [  -3.8695],
        [ 171.4960],
        [   3.4146],
        [ -80.3292],
        [  -6.6246],
        [   8.7544],
        [  14.5452],
        [  40.5274],
        [ -29.8763],
        [  69.2569],
        [ -47.4338],
        [ -37.4054],
        [ -27.1725],
        [ 105.9377],
        [ -22.7255],
        [   8.6622],
        [ -10.3485],
        [  60.9457],
        [ -68.8984],
        [  79.9712],
        [   3.0035],
        [   8.6409],
        [ -60.5602],
        [  -4.0370],
        [  -7.8024],
        [  49.8723],
        [-133.9705],
        [ -16.9887],
        [  70.3001],
        [ -38.0461],
        [  23.3258],
        [  -3.2501],
        [ -14.6714],
        [ -37.7954],
        [ -55.7580],
        [  62.4068],
        [   5.8418],
        [  15.2765],
        [-105.7221],
        [ -31.2441],
        [ -37.6805],
        [  38.3155],
        [   1.0192],
        [   0.5899],
        [ -91.7682],
        [  -2.9404],
        [ -89.0059],
        [  51.7139],
        [-100.5005],
        [ -34.1375],
        [  12.8932],
        [ -14.9785],
        [  -5.2169],
        [-111.3158],
        [  -6.2423],
        [ -46.2592],
        [  -9.6646],
        [ -86.6555],
        [-108.3495],
        [ -26.5256],
        [ -72.4321],
        [  54.1771],
        [  51.7034],
        [  19.8381],
        [ -69.2541],
        [ -48.2276],
        [  -5.5187],
        [  79.6006],
        [-166.0361],
        [  38.9134],
        [ 111.7113],
        [  80.4348],
        [   2.0302],
        [ -16.0225],
        [-178.5049],
        [ -33.4345],
        [  33.1023],
        [ -35.9753],
        [-110.2107],
        [ -60.1599],
        [ -92.7975],
        [ -56.9539],
        [ -65.2384],
        [ -67.9965],
        [  62.7531],
        [ -15.4952],
        [  -3.1373],
        [  56.6439],
        [  64.8901],
        [ -53.4242],
        [ 182.2999],
        [ -50.6498],
        [ -76.9210],
        [ -41.3285],
        [-205.0695],
        [  64.5923],
        [ -73.3689],
        [  18.1831],
        [ -28.4755],
        [  10.7991],
        [  35.2553],
        [  32.5484],
        [ -35.7664],
        [  17.1261],
        [ -79.6757],
        [ -24.7499],
        [   8.1911],
        [  -4.1631],
        [ -29.4467],
        [ -27.4254],
        [  46.9315],
        [  30.8562],
        [-126.9798],
        [  31.8912],
        [ 129.4888],
        [ -65.7906],
        [  44.7044],
        [   1.8008],
        [-116.8349],
        [ -50.8945],
        [-174.5794],
        [   6.5891],
        [ -31.9453],
        [ -36.3254],
        [  27.4219],
        [ -17.3491],
        [  87.4213],
        [  40.7793],
        [-217.4892],
        [  49.2209],
        [  59.3878],
        [ -11.5097],
        [ 155.7327],
        [  42.5042],
        [-148.3082],
        [   5.0541],
        [-110.1964],
        [  -9.5507],
        [ 122.6548],
        [  69.8095],
        [ 107.9726],
        [  37.7457],
        [-102.7337],
        [ -49.4699],
        [  63.6224],
        [  55.1242],
        [  -4.6820],
        [  29.8057],
        [ -25.8092],
        [  28.9211],
        [-273.8570],
        [ -16.1586],
        [  39.7015],
        [  -3.6592],
        [-108.8284],
        [  35.1137],
        [-187.6365],
        [  11.4956],
        [ -57.4233],
        [  35.2591],
        [ 140.3971],
        [  -3.2354],
        [-204.2904],
        [ -30.2507],
        [ 100.6464],
        [  24.4903],
        [  62.2945],
        [  14.5680],
        [   6.0649],
        [  -6.5968],
        [  15.5507],
        [ -13.6054],
        [-100.3439],
        [ -32.3870],
        [  96.0079],
        [  -9.3120],
        [ -10.5037],
        [  38.5882],
        [ -35.5888],
        [  -2.7581],
        [  69.9249],
        [  -4.6295],
        [ -68.4330],
        [  28.9501],
        [   8.3977],
        [  94.6418],
        [ -72.6581],
        [  21.5524]], device='cuda:0')
None
tensor([[-0.0008, -0.0008,  0.0045,  ...,  0.0036,  0.0026,  0.0016],
        [-0.0009, -0.0009,  0.0047,  ...,  0.0037,  0.0028,  0.0016],
        [-0.0008, -0.0008,  0.0040,  ...,  0.0030,  0.0021,  0.0013],
        ...,
        [ 0.0009,  0.0008, -0.0049,  ..., -0.0039, -0.0031, -0.0017],
        [ 0.0009,  0.0008, -0.0048,  ..., -0.0039, -0.0031, -0.0017],
        [ 0.0009,  0.0008, -0.0048,  ..., -0.0039, -0.0032, -0.0017]],
       device='cuda:0')
ELEMENT  3
None
None
None
None
tensor([[  46.3908],
        [ 147.6565],
        [ -32.0372],
        [ 124.0173],
        [-157.2752],
        [ -21.4986],
        [ 263.4278],
        [-138.1893],
        [ 115.1697],
        [ -89.2875],
        [  15.4518],
        [  11.4826],
        [ 132.4111],
        [ 287.4666],
        [  48.0368],
        [ 234.1866],
        [ -64.9711],
        [ 171.2429],
        [ -17.6714],
        [ 332.3512],
        [  86.2607],
        [-126.4143],
        [ 107.5435],
        [ 198.7808],
        [ -27.0903],
        [ 166.1264],
        [ 130.8013],
        [ 159.9219],
        [ 174.2610],
        [ 520.3782],
        [ 203.0167],
        [ 294.2209],
        [ 201.7521],
        [ 242.4778],
        [  -5.1822],
        [ 102.1410],
        [ -12.4975],
        [ 224.1531],
        [  80.1120],
        [ 382.8927],
        [-272.9599],
        [ 180.0330],
        [ -61.3165],
        [ -23.2580],
        [-323.8153],
        [  19.4770],
        [  84.4063],
        [ -64.9800],
        [ 210.3469],
        [-127.3438],
        [ 168.5144],
        [   7.9591],
        [  36.4496],
        [  -4.1555],
        [  38.1019],
        [ 189.8025],
        [-277.7758],
        [-139.3566],
        [-132.0774],
        [ 160.9279],
        [  85.6897],
        [ 144.1992],
        [  18.0260],
        [ -34.5824],
        [-271.9940],
        [  52.2682],
        [-101.8891],
        [   5.6306],
        [ 149.5615],
        [ 232.0512],
        [ -31.2804],
        [  -3.1403],
        [ -11.1061],
        [  70.0435],
        [ 166.6271],
        [ 143.4299],
        [ -35.6799],
        [  83.0152],
        [-152.3630],
        [-129.9506],
        [  80.6337],
        [ 206.2908],
        [   9.2582],
        [ 186.2879],
        [-113.4474],
        [  15.1795],
        [ -36.5246],
        [ 102.0492],
        [ -25.3919],
        [  81.3708],
        [-118.2578],
        [  37.3054],
        [-105.6028],
        [ 224.8821],
        [-203.3203],
        [  22.2995],
        [  65.7246],
        [  97.8917],
        [ -39.0763],
        [  74.3839],
        [ -84.2469],
        [  30.7404],
        [ -70.8642],
        [ -28.8608],
        [ 180.2468],
        [ 260.0119],
        [-141.4774],
        [ -64.8005],
        [ -74.3166],
        [  71.7962],
        [ 169.0250],
        [ -35.0431],
        [-239.2946],
        [  51.9375],
        [-118.8118],
        [  74.3727],
        [-159.1162],
        [ -17.6173],
        [  88.7299],
        [  13.1313],
        [ -32.5610],
        [-223.0422],
        [ -18.8109],
        [-111.1380],
        [ 132.4912],
        [ -24.0013],
        [-264.0291],
        [   1.1094],
        [-107.4111],
        [ 143.0067],
        [ -78.7394],
        [ -15.4682],
        [ -71.2359],
        [-230.5907],
        [-189.2692],
        [ 119.4838],
        [-101.9893],
        [  49.7217],
        [ -31.0842],
        [  88.6479],
        [ 155.1455],
        [-134.6062],
        [-475.7408],
        [ -72.4120],
        [  48.3029],
        [-146.2494],
        [-240.9202],
        [-124.5724],
        [  40.9840],
        [-120.6618],
        [-299.0785],
        [-183.7331],
        [ 171.1374],
        [  28.8530],
        [ -51.8493],
        [  70.7876],
        [ 217.9914],
        [-201.1953],
        [ 290.7276],
        [-138.1877],
        [-118.0853],
        [-121.8493],
        [-297.3203],
        [  38.0875],
        [-283.4683],
        [ -23.6069],
        [ 118.0807],
        [ -34.5836],
        [  23.0364],
        [ 102.9492],
        [-117.2980],
        [  79.2860],
        [ -44.1951],
        [  75.7947],
        [ -75.4720],
        [  37.8826],
        [ 120.2482],
        [  47.6492],
        [ -12.4918],
        [  60.9690],
        [-150.5098],
        [ -35.7001],
        [ 217.8724],
        [ -32.9685],
        [ 220.0549],
        [   3.9213],
        [-421.8400],
        [-140.5147],
        [-115.8275],
        [ -39.1160],
        [-165.4742],
        [  44.3543],
        [  71.3309],
        [-202.4518],
        [  69.5114],
        [  28.4055],
        [-372.6905],
        [  53.2508],
        [  -5.2008],
        [  49.8796],
        [  96.1601],
        [  14.9872],
        [-169.7436],
        [  71.1941],
        [  42.2353],
        [ -98.1975],
        [ 128.1471],
        [ 145.3698],
        [ 104.8056],
        [  36.8193],
        [-274.3160],
        [ -86.1107],
        [ -35.4271],
        [ -73.0206],
        [  89.2627],
        [ 127.8848],
        [ -28.8980],
        [ -73.2003],
        [-399.5320],
        [  47.9383],
        [  54.2646],
        [-170.1490],
        [-140.7643],
        [ -34.5958],
        [-283.4160],
        [ -47.4457],
        [-259.2771],
        [ -78.3281],
        [ 215.8157],
        [  87.5748],
        [-317.3060],
        [-129.1438],
        [  15.8938],
        [ 146.9885],
        [ 136.3790],
        [ 106.4814],
        [  16.6731],
        [  13.5755],
        [ 119.0995],
        [-112.2387],
        [ -41.6498],
        [ -16.3182],
        [ 366.8627],
        [ -91.1236],
        [  -6.3301],
        [  10.1385],
        [ -27.9083],
        [  46.6384],
        [ -66.9198],
        [ -36.3836],
        [  58.8103],
        [ -80.7991],
        [  -4.9674],
        [ 268.5123],
        [-149.9287],
        [  30.0845]], device='cuda:0')
None
tensor([[-2.9513e-04, -1.4151e-04, -7.7957e-04,  ...,  2.2205e-05,
         -8.1378e-04, -7.7684e-04],
        [-2.7373e-04, -9.7997e-05,  1.5835e-03,  ...,  1.1326e-03,
         -1.8570e-04, -1.7508e-04],
        [ 5.1221e-05, -3.5340e-05, -8.9645e-05,  ..., -3.2442e-04,
         -1.0275e-03, -2.3427e-04],
        ...,
        [-4.4269e-04, -1.8655e-04,  4.7880e-03,  ...,  2.7599e-03,
          1.7574e-03,  1.4073e-03],
        [-4.6689e-04, -1.9598e-04,  5.0659e-03,  ...,  2.8579e-03,
          1.8477e-03,  1.4535e-03],
        [-4.5409e-04, -1.8370e-04,  4.9330e-03,  ...,  2.7210e-03,
          1.7768e-03,  1.4300e-03]], device='cuda:0')
ELEMENT  4
None
None
None
None
tensor([[ 8.1733e+01],
        [ 6.9700e+01],
        [ 2.5485e+01],
        [-6.2501e+01],
        [ 1.1655e+02],
        [-5.9628e+00],
        [ 2.5700e+02],
        [-1.4845e+02],
        [ 2.5035e+02],
        [ 4.8046e+01],
        [ 7.7643e+01],
        [ 2.4521e+01],
        [ 1.6843e+01],
        [ 1.8618e+02],
        [ 6.1657e+01],
        [ 2.1042e+02],
        [-1.3060e+02],
        [ 1.2447e+02],
        [ 1.4656e+02],
        [ 1.4352e+02],
        [ 3.8057e+01],
        [ 1.0399e+02],
        [-5.0837e+00],
        [ 1.4109e+02],
        [-5.9496e+01],
        [ 2.3424e+02],
        [-9.5139e+01],
        [-2.0996e+01],
        [-7.4776e+00],
        [ 1.9426e+02],
        [ 6.9744e+01],
        [ 2.1383e+02],
        [ 1.3568e+02],
        [ 1.4050e+01],
        [ 1.0016e+02],
        [ 7.8030e+01],
        [ 1.8001e+02],
        [ 3.4530e+01],
        [-2.5340e+01],
        [ 3.3927e+02],
        [-3.7236e+02],
        [ 2.2478e+02],
        [-2.2298e+02],
        [ 7.6700e+01],
        [-4.7137e+02],
        [-7.8159e+01],
        [-4.1043e+01],
        [ 5.1660e+01],
        [ 1.4658e+02],
        [ 7.6261e+01],
        [ 1.2223e+02],
        [ 1.0655e+02],
        [-5.7219e+01],
        [-5.6383e+01],
        [ 1.2981e+02],
        [ 1.2181e+02],
        [ 3.4090e+01],
        [-1.4570e+02],
        [-9.8594e+00],
        [ 1.1185e+02],
        [ 1.1811e+02],
        [ 1.7766e+02],
        [-9.2470e+01],
        [-9.9026e+01],
        [-1.2799e+02],
        [-2.2879e+00],
        [-1.8147e+02],
        [ 1.5527e+01],
        [-1.0732e+02],
        [ 2.1282e+02],
        [ 9.7642e+01],
        [-1.0070e+02],
        [-8.7468e+01],
        [ 8.3715e+01],
        [-3.2802e+01],
        [ 1.1067e+02],
        [ 8.6684e+01],
        [ 1.3755e+02],
        [-7.6416e+01],
        [ 8.5512e+00],
        [-7.1515e+01],
        [ 1.8115e+02],
        [-1.2680e+02],
        [-1.1238e+02],
        [ 8.7862e+00],
        [ 1.7480e+02],
        [-1.8784e+02],
        [ 1.0812e+02],
        [-5.9183e+01],
        [ 1.8728e+01],
        [-8.6956e+01],
        [-2.4613e+01],
        [ 1.4729e+02],
        [ 1.3447e+02],
        [-1.5898e+02],
        [ 6.9621e+01],
        [ 1.8864e+01],
        [-1.9956e+02],
        [-1.1832e+02],
        [-2.1668e+01],
        [-5.8907e+01],
        [ 1.9636e+01],
        [-4.8573e+01],
        [ 7.6836e+01],
        [-9.6837e+01],
        [-6.6419e+00],
        [-4.4598e+00],
        [-1.1040e+01],
        [-8.1632e+01],
        [-4.6818e+01],
        [ 1.8754e+01],
        [ 1.7387e+02],
        [-7.3760e+01],
        [-8.4826e+01],
        [-1.9976e+02],
        [ 7.5718e+01],
        [-9.6360e+01],
        [-1.5512e+02],
        [ 1.1272e+01],
        [-9.2194e+01],
        [ 1.9128e+01],
        [-1.5237e+02],
        [-2.2248e+01],
        [-4.1256e+01],
        [ 9.0205e+01],
        [-6.8334e+01],
        [-2.1877e+02],
        [ 2.4110e+01],
        [-1.9825e+02],
        [ 5.1103e+00],
        [-6.4314e+01],
        [ 1.1926e+02],
        [-1.6362e+02],
        [ 1.2874e+02],
        [ 2.3010e+02],
        [ 1.1054e+02],
        [-2.9735e+02],
        [ 1.6219e+01],
        [ 1.1191e+02],
        [ 3.7623e+01],
        [ 2.6623e+01],
        [-1.1309e+02],
        [-1.4223e+02],
        [-1.5483e+01],
        [-1.3005e+01],
        [-1.0460e+02],
        [-2.8749e+01],
        [-9.0245e+01],
        [ 4.0065e+01],
        [-1.2444e+02],
        [-1.1051e+02],
        [ 1.7589e+01],
        [ 4.5908e+01],
        [-6.2141e+01],
        [-2.4605e+02],
        [ 3.3742e+01],
        [-2.0309e+01],
        [-1.1974e+01],
        [ 3.2372e+02],
        [-7.7761e+01],
        [-8.2988e+00],
        [-4.8050e+01],
        [-2.4089e+02],
        [-8.9441e+00],
        [ 1.9992e+02],
        [ 3.1849e+01],
        [ 1.4235e+01],
        [ 7.8114e+01],
        [-1.6056e+01],
        [-1.1530e+01],
        [ 2.7563e+01],
        [ 5.3812e+01],
        [-8.6896e+01],
        [-1.1431e+02],
        [ 1.3061e+02],
        [-6.4781e+01],
        [-6.7345e+01],
        [-2.7050e+01],
        [-5.7213e+01],
        [-1.8697e+01],
        [-1.1440e+00],
        [ 4.2211e+01],
        [ 1.4620e+02],
        [-8.5933e+01],
        [ 9.2023e+01],
        [-9.7308e+01],
        [-2.4428e+02],
        [-1.4510e+01],
        [-4.3537e+02],
        [-3.9753e+01],
        [ 1.0816e+02],
        [-1.4871e+02],
        [-3.6470e+01],
        [ 4.7099e+00],
        [ 8.9004e+00],
        [-4.7720e+01],
        [-1.8770e+02],
        [-3.7786e+01],
        [ 3.1751e+02],
        [ 3.5340e+01],
        [ 1.1764e+02],
        [-2.3515e+01],
        [-2.6521e+02],
        [-1.5137e+02],
        [ 7.7069e+01],
        [ 4.8088e+01],
        [ 4.1743e+02],
        [ 7.8522e+01],
        [ 2.8374e+02],
        [ 3.0831e+01],
        [-2.4469e+02],
        [ 2.4242e+01],
        [-2.0503e+02],
        [ 5.4430e+01],
        [ 1.0680e+02],
        [-9.9672e+01],
        [-8.4799e+01],
        [ 6.9928e+01],
        [-3.5131e+02],
        [-1.8430e+02],
        [-1.5802e+02],
        [-2.0425e+01],
        [-9.7864e+01],
        [ 7.6351e+01],
        [-2.2885e+02],
        [-6.5715e+00],
        [ 1.0389e+02],
        [-3.6231e+01],
        [ 2.4210e+02],
        [-2.3329e+01],
        [-2.9468e+02],
        [-5.4145e+01],
        [ 2.7217e+02],
        [ 2.6526e+01],
        [ 1.2555e+02],
        [ 5.3782e+01],
        [-1.4606e+00],
        [ 7.3928e+00],
        [-4.6196e+01],
        [ 4.1738e+01],
        [-1.5742e+02],
        [-1.6547e-01],
        [ 7.2620e+01],
        [ 1.3363e+02],
        [-2.9494e+02],
        [ 9.9224e+01],
        [-1.7306e+02],
        [ 8.6969e+01],
        [ 4.6290e+02],
        [-1.0590e+02],
        [-1.7756e+02],
        [ 9.4515e+01],
        [ 5.7004e+01],
        [ 1.0900e+02],
        [-2.1700e+02],
        [ 1.8271e+01]], device='cuda:0')
None
tensor([[ 0.0007,  0.0007, -0.0047,  ..., -0.0035, -0.0046, -0.0014],
        [ 0.0007,  0.0007, -0.0046,  ..., -0.0035, -0.0045, -0.0014],
        [ 0.0004,  0.0004, -0.0031,  ..., -0.0025, -0.0029, -0.0010],
        ...,
        [-0.0006, -0.0006,  0.0043,  ...,  0.0031,  0.0042,  0.0013],
        [-0.0006, -0.0006,  0.0040,  ...,  0.0029,  0.0041,  0.0012],
        [-0.0006, -0.0005,  0.0040,  ...,  0.0027,  0.0040,  0.0011]],
       device='cuda:0')
ELEMENT  5
None
None
None
None
tensor([[ 1.0916e+02],
        [ 5.3707e+01],
        [-4.7084e+01],
        [-4.3569e+01],
        [ 5.0560e+01],
        [-7.5082e+01],
        [ 1.7215e+02],
        [-2.9250e+01],
        [ 1.5126e+02],
        [-5.9032e+01],
        [ 1.3038e+02],
        [-3.5565e+01],
        [ 9.8457e+01],
        [ 1.0643e+02],
        [ 2.5978e+01],
        [ 6.6279e+01],
        [ 1.6052e+01],
        [ 4.5157e+01],
        [ 7.3404e+01],
        [ 1.7721e+02],
        [-3.5049e+01],
        [-4.8225e+01],
        [ 2.8186e+01],
        [ 6.8851e+01],
        [-7.1585e+01],
        [ 7.4215e+01],
        [-3.0773e+00],
        [-2.4832e+01],
        [ 9.5910e+01],
        [ 2.3223e+02],
        [ 6.6292e+01],
        [ 2.0781e+02],
        [ 5.1724e+01],
        [ 8.4959e+01],
        [-5.2115e+01],
        [ 3.5782e+01],
        [ 1.8101e+01],
        [ 7.2614e+01],
        [ 1.5837e+01],
        [ 1.7131e+02],
        [-1.7998e+02],
        [ 1.1999e+02],
        [-5.3279e+01],
        [ 6.1601e+01],
        [-2.6312e+02],
        [-2.0147e+01],
        [-5.4693e+01],
        [ 2.5872e+01],
        [ 1.0435e+02],
        [-3.6894e+01],
        [ 1.0510e+02],
        [-2.2712e+01],
        [ 5.0352e+01],
        [-1.0337e+02],
        [ 9.7185e+01],
        [ 1.0109e+02],
        [-4.6079e+01],
        [-8.6523e+01],
        [-6.1690e+01],
        [ 3.0433e+01],
        [ 3.0586e+01],
        [ 1.2681e+02],
        [-1.5297e+01],
        [-1.2132e+02],
        [-9.7538e+01],
        [ 3.5428e+01],
        [-1.4494e+02],
        [-6.2629e+01],
        [-5.9446e+01],
        [ 6.3807e+01],
        [ 7.5732e+01],
        [-8.4516e+01],
        [ 6.3706e+00],
        [-8.0371e+00],
        [ 9.6923e+01],
        [ 6.2853e+01],
        [ 2.3954e+01],
        [ 4.6507e+01],
        [-8.5787e+01],
        [-2.5082e+01],
        [ 4.5941e+01],
        [ 1.8015e+02],
        [-1.0822e+02],
        [-3.3562e+00],
        [-3.6807e+01],
        [ 1.2675e+02],
        [-4.4777e+01],
        [ 8.4934e+01],
        [-3.2075e+01],
        [ 4.8889e+01],
        [-6.0755e+01],
        [ 2.5346e+00],
        [ 7.5617e+00],
        [ 7.1661e+01],
        [-1.1298e+02],
        [ 3.9424e+01],
        [ 2.1944e+01],
        [-1.3185e+02],
        [ 1.3243e+01],
        [ 3.2228e+01],
        [-4.6342e+01],
        [-3.2673e+01],
        [ 5.3669e+01],
        [ 6.9423e+01],
        [ 2.8188e+01],
        [ 2.7825e+01],
        [-9.3665e+01],
        [-4.0293e+01],
        [ 3.7036e+00],
        [ 4.8663e+00],
        [ 4.6991e+01],
        [ 5.7293e+01],
        [-2.9304e+01],
        [-3.6752e+01],
        [-9.3986e+01],
        [ 7.8458e+01],
        [-1.2340e+02],
        [-5.5645e+01],
        [ 7.2184e+01],
        [-4.1876e+01],
        [ 7.0606e+00],
        [-1.2848e+02],
        [-1.4035e+01],
        [-2.4714e+01],
        [ 2.5250e+01],
        [-7.2981e+01],
        [-1.6263e+02],
        [-6.7102e+00],
        [ 1.1476e+01],
        [ 6.2715e+01],
        [ 3.9861e+01],
        [-2.3057e+01],
        [-6.9206e+01],
        [-1.0890e+01],
        [ 1.7165e+01],
        [ 1.3226e+02],
        [-1.5719e+02],
        [ 2.8570e+01],
        [-5.1895e+01],
        [ 7.9958e+01],
        [ 4.6577e+01],
        [-8.9570e+01],
        [-3.2355e+01],
        [-6.9869e+01],
        [-4.8013e+01],
        [-1.2383e+02],
        [-1.1059e+02],
        [-4.4753e+01],
        [-4.2856e+01],
        [-6.8096e+01],
        [-5.5148e+01],
        [-5.6631e+00],
        [ 3.6323e+01],
        [ 1.3437e+00],
        [-1.7901e+02],
        [ 5.4279e+01],
        [ 2.9086e+01],
        [-7.4001e+01],
        [ 1.5217e+02],
        [-4.9548e+01],
        [-4.4763e+01],
        [-2.6197e+01],
        [-1.4010e+02],
        [ 4.5126e+01],
        [ 6.3122e-02],
        [-2.0680e+01],
        [ 3.6628e+00],
        [ 6.2277e+00],
        [ 7.2979e+01],
        [ 6.0848e+00],
        [ 7.1160e+01],
        [ 5.0912e+01],
        [ 2.7197e+01],
        [-7.4995e+01],
        [ 6.2581e+01],
        [-4.6455e-01],
        [ 3.7253e+01],
        [-1.2105e+01],
        [-1.0683e+02],
        [-4.3357e+01],
        [-8.0422e+01],
        [ 1.2131e+01],
        [ 1.4925e+01],
        [-6.4532e+01],
        [ 7.1849e+00],
        [ 2.4610e+01],
        [-1.5541e+02],
        [ 1.0445e+01],
        [-2.2495e+02],
        [-4.1380e+01],
        [-5.5867e+01],
        [-8.1545e+01],
        [ 2.6359e+01],
        [-3.9438e+01],
        [ 5.1279e+01],
        [ 1.9901e+01],
        [-1.3994e+02],
        [ 1.9953e+01],
        [ 1.2992e+02],
        [-2.6435e+01],
        [ 1.3291e+02],
        [ 3.8417e+01],
        [-2.2558e+02],
        [-8.1653e+01],
        [ 8.0056e+01],
        [-1.4799e+01],
        [ 7.0858e+01],
        [ 9.0951e+01],
        [ 1.4818e+02],
        [ 1.9732e+01],
        [-1.1436e+02],
        [-1.2475e+01],
        [-4.7206e+01],
        [ 5.5196e+01],
        [ 1.0864e+02],
        [ 1.9655e+01],
        [ 1.1610e+01],
        [ 3.3494e+01],
        [-2.5874e+02],
        [-9.8937e+01],
        [ 1.5852e+01],
        [ 1.0748e+01],
        [-1.0326e+02],
        [ 7.4291e+01],
        [-1.3107e+02],
        [ 1.6738e+01],
        [-3.0583e+01],
        [-2.0678e+01],
        [ 1.3055e+02],
        [-7.6572e+00],
        [-1.5255e+02],
        [-4.6351e+01],
        [ 1.6382e+02],
        [ 2.7002e+01],
        [ 7.1540e+01],
        [ 3.1437e+01],
        [ 2.0562e+01],
        [-3.2033e+01],
        [-3.7908e+00],
        [-2.2334e+01],
        [-5.8559e+01],
        [-3.2579e+01],
        [ 7.9875e+01],
        [ 6.5162e+01],
        [-1.8871e+02],
        [ 5.1140e+01],
        [-1.5220e+01],
        [ 5.5218e+01],
        [ 2.0120e+02],
        [ 1.3318e+01],
        [ 1.4613e+00],
        [ 3.1256e+01],
        [ 3.4913e+01],
        [ 8.8386e+01],
        [-5.0875e+01],
        [ 3.9073e+01]], device='cuda:0')
None
tensor([[ 0.0009,  0.0011, -0.0032,  ..., -0.0027, -0.0033, -0.0010],
        [ 0.0012,  0.0014, -0.0044,  ..., -0.0036, -0.0045, -0.0014],
        [ 0.0009,  0.0012, -0.0035,  ..., -0.0028, -0.0036, -0.0012],
        ...,
        [-0.0010, -0.0011,  0.0036,  ...,  0.0029,  0.0038,  0.0011],
        [-0.0009, -0.0011,  0.0033,  ...,  0.0027,  0.0036,  0.0011],
        [-0.0009, -0.0010,  0.0034,  ...,  0.0027,  0.0036,  0.0010]],
       device='cuda:0')
ELEMENT  6
None
None
None
None
tensor([[ 2.6195e+01],
        [ 4.0045e+01],
        [ 9.3971e+00],
        [-1.3736e+01],
        [ 4.8453e+01],
        [ 1.3457e+01],
        [ 7.0931e+01],
        [-1.5519e+01],
        [ 9.1177e+01],
        [ 2.6860e+01],
        [ 3.1807e+01],
        [ 8.4606e+00],
        [ 4.2553e+01],
        [ 3.2504e+01],
        [ 3.6014e+01],
        [ 6.2253e+01],
        [-1.4398e+00],
        [ 3.9031e+01],
        [ 4.4872e+01],
        [ 7.7868e+01],
        [ 4.1764e+00],
        [ 1.9627e+01],
        [ 3.7478e+01],
        [ 3.1987e+01],
        [-3.1573e+01],
        [ 7.0358e+01],
        [-3.0258e+01],
        [-8.2489e+00],
        [ 1.9248e+01],
        [ 7.1501e+01],
        [ 3.1643e+01],
        [ 4.6250e+01],
        [ 2.6377e+01],
        [ 1.5887e+01],
        [ 2.1301e+01],
        [ 1.7640e+01],
        [ 2.0017e+01],
        [ 4.0072e+01],
        [ 1.8625e+01],
        [ 8.6199e+01],
        [-9.2290e+01],
        [ 5.0074e+01],
        [-6.6555e+01],
        [ 4.8480e+01],
        [-1.3007e+02],
        [-2.9677e+01],
        [-3.4981e-01],
        [-5.2941e+00],
        [ 3.8482e+01],
        [ 6.7458e+00],
        [ 4.7193e+01],
        [ 8.5381e+00],
        [ 3.1370e+00],
        [ 2.6258e+00],
        [ 3.9201e+01],
        [ 3.6832e+01],
        [-8.4568e+00],
        [-3.7912e+01],
        [-2.6088e+01],
        [-2.7197e+00],
        [ 1.3425e+01],
        [ 7.0073e+01],
        [-1.0457e+01],
        [-2.6411e+01],
        [-3.7282e+01],
        [ 9.2723e+00],
        [-3.2326e+01],
        [ 1.0076e+01],
        [-3.2718e+01],
        [ 6.5977e+01],
        [ 1.9414e+01],
        [-3.3455e+01],
        [ 2.5196e+00],
        [ 3.6882e+01],
        [-9.1078e+00],
        [ 2.3522e+01],
        [-3.4304e+00],
        [ 3.4667e+01],
        [-1.9219e+01],
        [ 1.5204e+01],
        [-2.8179e+01],
        [ 6.2228e+01],
        [-3.2940e+01],
        [-3.7088e+01],
        [-1.0578e+01],
        [ 4.5963e+01],
        [-1.1894e+01],
        [ 2.8018e+01],
        [-2.4040e+01],
        [ 4.5595e+01],
        [-1.9805e+01],
        [ 1.3136e-01],
        [ 2.1148e+01],
        [ 2.2342e+01],
        [-2.6440e+01],
        [ 1.9880e+01],
        [-7.2048e+00],
        [-2.0423e+01],
        [ 2.7773e-01],
        [ 2.4425e+01],
        [-4.1080e+01],
        [ 4.3936e+00],
        [-1.9342e+01],
        [-9.6299e+00],
        [-5.5752e+00],
        [ 1.9441e+01],
        [-2.9729e+00],
        [-2.6768e+01],
        [-2.3707e+01],
        [-3.0875e+01],
        [-2.5674e+00],
        [ 2.0174e+01],
        [-1.7286e+01],
        [-3.3352e+01],
        [-5.4592e+01],
        [-4.4162e-02],
        [-4.4216e+01],
        [-3.1113e+01],
        [-1.1824e-01],
        [-1.5621e+01],
        [-4.6486e+00],
        [-2.9838e+01],
        [-3.4762e+01],
        [-9.8157e+00],
        [-1.5856e+01],
        [-1.6071e+01],
        [-5.2126e+01],
        [ 9.7641e+00],
        [ 6.1401e+00],
        [ 1.7659e+01],
        [ 3.0239e+01],
        [-1.6205e+01],
        [-7.0371e+01],
        [ 3.7398e+01],
        [ 3.3067e+00],
        [ 3.7877e+01],
        [-4.9720e+01],
        [ 2.5659e+01],
        [ 1.0948e+01],
        [ 1.7949e+01],
        [ 2.2652e+01],
        [-4.1603e+01],
        [ 1.9375e+00],
        [-1.9182e+01],
        [-1.1773e+01],
        [-1.8546e+01],
        [-1.7966e+00],
        [-1.5821e+01],
        [ 6.2168e+00],
        [-2.8750e+01],
        [-1.8016e+01],
        [ 5.2401e+01],
        [-4.9580e+00],
        [-2.1836e+01],
        [-3.3512e+01],
        [ 1.0406e+01],
        [-6.4314e+00],
        [-3.1282e+00],
        [ 9.8367e+01],
        [-2.8668e+01],
        [ 1.0867e+01],
        [-3.6552e+01],
        [-2.7541e+01],
        [ 7.6752e+00],
        [ 1.1194e+01],
        [-9.9533e+00],
        [ 4.2617e+01],
        [-1.4897e+00],
        [-1.9549e+01],
        [-7.9702e+00],
        [ 5.2738e+01],
        [ 1.4230e+01],
        [-8.1855e+00],
        [-2.7340e+01],
        [ 4.0605e+01],
        [-2.7034e+00],
        [-2.5385e+01],
        [-2.1590e+01],
        [-2.7796e+01],
        [-2.1931e+01],
        [-2.7330e+01],
        [-2.2272e+00],
        [ 4.8552e+01],
        [-1.4965e+01],
        [ 2.6790e+01],
        [-1.1270e+01],
        [-2.9937e+01],
        [ 4.6607e-01],
        [-7.0734e+01],
        [-1.1051e+01],
        [ 3.6691e+01],
        [-5.4515e+01],
        [ 3.1318e+00],
        [ 3.3159e-01],
        [ 1.3116e+01],
        [ 1.4410e+01],
        [-1.6408e+01],
        [-1.2786e+01],
        [ 4.8301e+01],
        [ 3.1922e+00],
        [ 3.2162e+01],
        [-1.2160e+01],
        [-9.5546e+01],
        [-5.1942e+01],
        [-1.3902e+01],
        [ 1.0387e+01],
        [ 4.6603e+01],
        [ 4.3114e+01],
        [ 9.8983e+01],
        [-2.5125e+00],
        [-4.0192e+01],
        [-1.8294e+00],
        [-3.6389e+01],
        [ 4.1190e+00],
        [ 2.9863e+01],
        [-2.2966e+01],
        [-2.1127e+01],
        [ 1.5691e+01],
        [-8.1185e+01],
        [-3.2507e+01],
        [-1.9190e+01],
        [ 5.1458e+00],
        [ 1.5781e+01],
        [ 2.6553e+01],
        [-4.4638e+01],
        [-9.3514e-01],
        [ 2.6788e+01],
        [-5.0421e+00],
        [ 2.2500e+01],
        [-4.6813e-01],
        [-7.9888e+01],
        [-2.9610e+01],
        [ 3.0772e+01],
        [ 6.0726e+00],
        [ 4.0997e+01],
        [-5.8975e+00],
        [ 8.5857e+00],
        [ 7.3231e+00],
        [-1.0635e+01],
        [ 1.7368e+01],
        [-5.1973e+01],
        [-1.4354e+01],
        [-8.1324e+00],
        [ 2.3228e+01],
        [-5.3263e+01],
        [ 2.6482e+01],
        [-3.7026e+01],
        [ 3.3273e+01],
        [ 6.3532e+01],
        [-9.8403e+00],
        [-1.0839e+01],
        [ 2.4375e+01],
        [ 7.4415e+00],
        [ 3.1748e+01],
        [ 6.7121e+00],
        [ 1.1492e+01]], device='cuda:0')
None
tensor([[-6.4540e-04, -6.7652e-04,  2.0893e-03,  ...,  1.9737e-03,
          2.1452e-03,  4.3048e-04],
        [ 8.5165e-04,  9.7441e-04, -3.2920e-03,  ..., -3.1438e-03,
         -3.4398e-03, -6.7550e-04],
        [ 8.3783e-04,  9.0273e-04, -2.9869e-03,  ..., -3.0154e-03,
         -3.1358e-03, -5.9574e-04],
        ...,
        [-2.9129e-04, -2.9672e-04,  1.1149e-03,  ...,  7.5292e-04,
          9.5801e-04,  1.8564e-04],
        [ 7.9467e-05,  2.6374e-05,  1.6367e-05,  ..., -2.4654e-04,
         -4.5868e-04, -7.9036e-05],
        [ 2.5094e-04,  2.4565e-04, -5.0001e-04,  ..., -8.3063e-04,
         -1.1408e-03, -2.0242e-04]], device='cuda:0')
ELEMENT  7
None
None
None
None
tensor([[ -5.5612],
        [  0.8265],
        [-25.8948],
        [ 18.0601],
        [ -4.5904],
        [-14.6788],
        [ 11.1123],
        [-11.1225],
        [  5.7680],
        [-12.7868],
        [ 25.3128],
        [  1.8670],
        [ -4.8498],
        [ 50.0113],
        [ -5.6047],
        [ 27.0986],
        [-21.1706],
        [ 19.1557],
        [ -4.7410],
        [ 54.1630],
        [ -9.2461],
        [-18.6246],
        [ -8.1434],
        [ 38.2315],
        [-21.8394],
        [ 11.9068],
        [-17.2737],
        [-11.2315],
        [ 14.2522],
        [ 63.4184],
        [ 33.3178],
        [ 53.1733],
        [ 38.7799],
        [ 27.2640],
        [  8.4192],
        [ 17.9731],
        [ 15.8540],
        [ 27.4210],
        [ 15.0398],
        [ 79.1648],
        [-42.7793],
        [ 47.8472],
        [ -6.2364],
        [  5.3562],
        [-47.1585],
        [  5.7862],
        [-20.6493],
        [  7.6076],
        [ 31.8052],
        [-11.0262],
        [ 29.8099],
        [  0.4139],
        [ -2.8655],
        [ -1.1804],
        [  7.3529],
        [ 18.3139],
        [-33.2301],
        [ -5.5342],
        [-14.2494],
        [ 24.8783],
        [ -5.4353],
        [ 29.1821],
        [ -5.6107],
        [ -9.6452],
        [ -8.4709],
        [  7.9497],
        [-19.9574],
        [ -4.0784],
        [ -0.4620],
        [ 21.8325],
        [  9.4274],
        [ -1.6035],
        [-12.1945],
        [  3.0680],
        [ 13.4766],
        [ 30.1779],
        [-12.9405],
        [ 17.6733],
        [-32.3108],
        [-12.4465],
        [ 16.1692],
        [ 66.1294],
        [-18.5260],
        [ -3.8925],
        [  5.6052],
        [ 16.1634],
        [-43.8224],
        [ 11.2107],
        [-26.2419],
        [  3.1298],
        [-25.0804],
        [ -3.0858],
        [-14.2251],
        [ 13.4565],
        [-42.3137],
        [ 15.1497],
        [ 13.0321],
        [ -9.9710],
        [-23.6821],
        [  6.6221],
        [-12.2823],
        [ 11.7118],
        [-14.2464],
        [ 11.7274],
        [  8.4725],
        [ 18.0553],
        [-16.0433],
        [ 22.8715],
        [-14.4498],
        [ 28.4257],
        [ 21.3565],
        [  8.1233],
        [ -2.4006],
        [ -3.0709],
        [-22.6277],
        [ 32.9174],
        [-21.9759],
        [ -6.5446],
        [  9.5946],
        [  7.8037],
        [ 10.9340],
        [-25.3685],
        [-15.1393],
        [-10.4595],
        [  5.2589],
        [-19.1364],
        [-48.3300],
        [ -1.3952],
        [-22.9542],
        [ 21.2130],
        [-15.3256],
        [ 13.9653],
        [ -3.3235],
        [-31.2148],
        [-20.4545],
        [ 13.7596],
        [-65.9981],
        [ 14.4832],
        [  6.6668],
        [ 26.3535],
        [ 23.1221],
        [-28.6351],
        [-31.4936],
        [ -3.4704],
        [  5.1730],
        [-39.8757],
        [-24.5985],
        [-13.9596],
        [-22.5556],
        [-14.6558],
        [-36.8809],
        [-17.4145],
        [ 18.7881],
        [ -0.7037],
        [-47.3201],
        [ 21.1884],
        [ 41.2355],
        [-23.1857],
        [ 53.6681],
        [-21.2823],
        [-24.3226],
        [  1.2683],
        [-18.1275],
        [ 27.4944],
        [-25.5631],
        [ -8.2916],
        [  5.8980],
        [ 15.9049],
        [ -0.5444],
        [  5.4575],
        [ 29.9029],
        [ 14.1204],
        [-29.7627],
        [  6.9213],
        [ -4.2535],
        [ 12.8344],
        [ 13.6059],
        [ 12.2850],
        [-18.3791],
        [  6.7731],
        [-15.7381],
        [-12.4889],
        [ 25.5611],
        [-20.0605],
        [ -6.1306],
        [  9.1468],
        [-80.5583],
        [-12.3814],
        [-76.9102],
        [-11.4301],
        [-36.1354],
        [-19.4242],
        [-11.6835],
        [-12.5220],
        [  1.0101],
        [ -7.0529],
        [-46.2685],
        [ 10.6812],
        [ 25.9530],
        [-10.3259],
        [ 32.6169],
        [  6.7702],
        [-11.4019],
        [ -0.6487],
        [  1.2196],
        [ -8.4397],
        [ 34.6065],
        [  9.9347],
        [  4.5870],
        [ -9.1276],
        [-32.5553],
        [ -4.5495],
        [-23.4521],
        [  7.9931],
        [ 36.7539],
        [  8.6737],
        [ -4.0925],
        [  0.4897],
        [-78.5540],
        [-10.8962],
        [ -4.5849],
        [ -6.9253],
        [-37.6008],
        [ 10.1578],
        [-29.4027],
        [  4.4595],
        [-15.3058],
        [ -8.9428],
        [ 29.1292],
        [ -1.1011],
        [-58.0513],
        [-15.8063],
        [ -0.4194],
        [ 37.5890],
        [ -9.1120],
        [ 14.7009],
        [ 17.4292],
        [ -8.1209],
        [ -8.5552],
        [-14.7166],
        [ 11.1470],
        [-17.0581],
        [ 46.3162],
        [  5.0550],
        [-50.7255],
        [ -8.9423],
        [  4.9596],
        [ 13.0572],
        [ 33.4124],
        [ 12.7097],
        [ -4.0802],
        [  3.7906],
        [ 24.3987],
        [ 31.2485],
        [-13.6606],
        [ 11.5610]], device='cuda:0')
None
tensor([[ 9.3612e-05, -1.0540e-04, -3.4531e-04,  ..., -5.6900e-04,
         -4.5024e-04, -1.3539e-04],
        [ 4.3534e-04,  1.9172e-04, -1.8529e-03,  ..., -1.7539e-03,
         -1.2628e-03, -4.2456e-04],
        [ 3.5006e-04,  1.8894e-04, -1.5021e-03,  ..., -1.5715e-03,
         -8.4948e-04, -4.5860e-04],
        ...,
        [ 7.2614e-05,  2.2945e-06, -1.2430e-04,  ..., -3.1088e-04,
         -4.4639e-04,  6.8485e-05],
        [ 7.2695e-05, -5.0397e-05, -1.3755e-04,  ..., -4.2076e-04,
         -4.1940e-04,  1.1128e-05],
        [-5.5840e-05, -1.7559e-04,  3.4415e-04,  ..., -4.3354e-05,
         -1.5870e-04,  6.0546e-05]], device='cuda:0')
ELEMENT  8
None
None
None
None
tensor([[ 4.1732e+01],
        [-1.4741e+02],
        [ 3.6553e+01],
        [ 9.0231e+01],
        [-2.0442e+02],
        [ 4.4222e+01],
        [-1.3091e+02],
        [ 4.2292e+01],
        [-2.4175e+02],
        [ 7.7711e+01],
        [-1.3037e+02],
        [ 9.4250e+00],
        [-3.1961e+01],
        [-5.8304e+01],
        [-7.8060e+01],
        [-1.3901e+02],
        [-1.3531e+01],
        [-1.5321e+02],
        [-8.7364e+01],
        [-2.2583e+02],
        [ 1.4487e+02],
        [ 7.6531e+00],
        [-3.1964e+01],
        [-1.5905e+01],
        [-2.3715e+01],
        [-1.0425e+02],
        [ 3.0818e+01],
        [ 5.4760e+01],
        [-2.0776e+02],
        [-1.3111e+02],
        [-1.0118e+02],
        [-2.2981e+02],
        [-1.0980e+02],
        [-2.0756e+02],
        [-1.4476e+02],
        [-6.2343e+01],
        [-3.7361e+01],
        [-1.8301e+02],
        [-7.4577e+01],
        [-2.4321e+02],
        [ 2.9658e+02],
        [-2.2499e+02],
        [ 5.6104e+00],
        [-1.0657e+02],
        [ 1.9905e+02],
        [ 1.0332e+02],
        [ 3.3637e+01],
        [ 6.3244e+00],
        [-2.2529e+02],
        [-5.1641e+01],
        [-1.6743e+02],
        [-1.1404e+02],
        [-7.2381e+01],
        [ 6.5998e+01],
        [-1.8948e+02],
        [-2.6800e+02],
        [-2.1739e+00],
        [ 2.2092e+02],
        [ 1.1468e+02],
        [-8.9053e+00],
        [-1.4334e+02],
        [-2.5352e+02],
        [ 1.0072e+02],
        [ 2.1411e+02],
        [ 8.0845e+01],
        [-1.0988e+02],
        [ 6.5566e+01],
        [-6.4377e+00],
        [ 1.8755e+02],
        [-5.6881e+01],
        [-1.1159e+02],
        [ 1.0783e+02],
        [ 7.8835e+01],
        [-7.2040e+01],
        [-1.3757e+02],
        [-6.7641e+01],
        [-4.3723e+01],
        [-3.5776e+01],
        [ 1.6372e+00],
        [ 7.3066e+01],
        [-5.2985e+01],
        [-2.6598e+02],
        [ 1.5935e+02],
        [ 5.4852e+01],
        [-2.9973e+01],
        [-6.6971e+01],
        [ 1.5308e+02],
        [-2.1905e+01],
        [ 1.3365e+02],
        [-3.5944e+01],
        [ 9.4288e+00],
        [-4.6039e+01],
        [-1.2814e+02],
        [-3.4608e+01],
        [ 1.2892e+01],
        [-1.7441e+01],
        [ 1.3840e+02],
        [ 9.6792e+01],
        [-6.2890e+01],
        [-7.9555e+01],
        [ 5.9278e+01],
        [ 1.1529e+02],
        [-1.4408e+01],
        [-1.3497e+02],
        [ 5.8914e+00],
        [-7.7452e+01],
        [ 5.4668e+01],
        [ 1.6788e+01],
        [ 5.7807e+00],
        [ 2.9476e+01],
        [-2.1051e+01],
        [-1.2471e+02],
        [ 1.2357e+02],
        [-6.1425e+00],
        [ 2.1591e+02],
        [-8.4271e+01],
        [ 2.2005e+02],
        [ 1.7609e+02],
        [-2.0059e+02],
        [ 7.3700e+01],
        [-4.0779e+01],
        [ 9.2277e+01],
        [-3.8304e+01],
        [-2.8296e+01],
        [-1.3683e+02],
        [ 3.3158e+01],
        [ 1.8279e+02],
        [-3.7658e+01],
        [-1.1921e+02],
        [ 6.1536e+01],
        [-1.2832e+02],
        [ 3.5366e+01],
        [ 2.6314e+02],
        [ 7.5778e+00],
        [-9.1034e+01],
        [-1.7365e+02],
        [ 1.7080e+02],
        [-4.0876e+01],
        [ 1.9321e+02],
        [-6.4090e+01],
        [-1.3364e+02],
        [ 1.8778e+02],
        [ 7.6168e+01],
        [-1.7460e+01],
        [ 6.7665e+01],
        [ 1.2554e+02],
        [ 2.2826e+01],
        [ 1.2467e+02],
        [ 1.6016e+01],
        [ 8.8365e+01],
        [-6.6258e+01],
        [-1.7803e+02],
        [-1.0283e+02],
        [-4.6809e+00],
        [ 2.7683e+02],
        [-5.2945e+01],
        [ 2.4675e+01],
        [ 1.2033e+02],
        [-9.6155e+01],
        [ 2.9870e+01],
        [ 8.5524e+01],
        [ 1.0553e+02],
        [ 6.4167e+00],
        [ 8.8293e-01],
        [ 7.3184e+01],
        [ 7.8748e+01],
        [-1.3331e+02],
        [-3.0503e+01],
        [-8.1504e+01],
        [ 5.5626e+01],
        [-8.1956e+01],
        [-8.8424e+01],
        [-9.9923e+01],
        [ 2.0526e+02],
        [-1.9648e+02],
        [ 1.7563e+01],
        [-1.8486e+02],
        [-3.4964e+01],
        [ 2.3020e+02],
        [ 1.2150e+02],
        [-4.2408e-01],
        [ 3.5852e+01],
        [-6.0212e+01],
        [ 1.0831e+02],
        [-3.7400e+01],
        [ 3.5538e+01],
        [ 7.8534e+01],
        [-4.9285e+01],
        [ 1.4339e+02],
        [ 3.1261e+01],
        [-2.4456e+01],
        [ 2.0015e+02],
        [-1.7319e+02],
        [-1.9051e+01],
        [-1.1952e+02],
        [-9.2099e+01],
        [ 1.3300e+02],
        [ 3.5251e+01],
        [-2.3691e+02],
        [ 3.8226e+01],
        [-1.4359e+02],
        [-1.2591e+01],
        [ 4.9108e+02],
        [ 5.8511e+01],
        [-2.0719e+02],
        [ 3.6359e+01],
        [-1.1005e+02],
        [-9.7934e+01],
        [-2.4720e+02],
        [ 1.0495e+02],
        [ 1.8444e+02],
        [-3.5874e+01],
        [ 2.7004e+02],
        [-2.6094e+01],
        [-1.5791e+02],
        [ 8.9961e+01],
        [ 5.9392e+01],
        [-1.0095e+02],
        [ 2.5561e+02],
        [ 1.0480e+02],
        [ 7.4383e+01],
        [ 3.5876e+01],
        [-2.7137e+01],
        [-1.3335e+02],
        [ 2.4945e+02],
        [-1.2124e+02],
        [-1.3929e+02],
        [ 1.2885e+02],
        [-1.6042e+02],
        [ 4.8100e+01],
        [ 1.0880e+01],
        [ 1.1305e+02],
        [-3.3980e+02],
        [ 1.5311e+01],
        [-2.2554e+02],
        [-4.0669e+01],
        [-4.4348e+01],
        [ 1.9006e+01],
        [ 4.1492e+01],
        [-2.3708e+00],
        [ 2.5341e+02],
        [-3.6714e+01],
        [ 2.8320e+01],
        [-1.1084e+02],
        [ 3.6053e+02],
        [-1.5042e+02],
        [ 2.1839e+01],
        [-1.1435e+02],
        [-3.1426e+02],
        [-1.5478e+01],
        [ 4.7385e+01],
        [-3.6561e+01],
        [ 1.7695e+02],
        [ 1.4187e+01],
        [ 6.0470e+01],
        [-1.0739e+02]], device='cuda:0')
None
tensor([[-0.0011, -0.0013,  0.0050,  ...,  0.0038,  0.0042,  0.0010],
        [-0.0011, -0.0013,  0.0054,  ...,  0.0041,  0.0046,  0.0010],
        [-0.0007, -0.0010,  0.0040,  ...,  0.0030,  0.0035,  0.0007],
        ...,
        [ 0.0011,  0.0013, -0.0054,  ..., -0.0041, -0.0046, -0.0010],
        [ 0.0011,  0.0013, -0.0053,  ..., -0.0041, -0.0046, -0.0010],
        [ 0.0011,  0.0013, -0.0053,  ..., -0.0040, -0.0045, -0.0010]],
       device='cuda:0')
ELEMENT  9
None
None
None
None
tensor([[ 2.9277e+01],
        [-1.6585e+01],
        [ 5.8876e+00],
        [-2.2385e+01],
        [-4.3364e+00],
        [ 1.7764e+01],
        [ 6.7070e+00],
        [-3.1537e-01],
        [ 7.4405e+00],
        [ 2.1424e+01],
        [ 1.1767e+01],
        [-3.0149e+01],
        [-6.3988e+00],
        [ 2.7845e+00],
        [-1.4835e+01],
        [-3.2617e+01],
        [ 1.3353e+01],
        [-8.5012e-01],
        [ 1.3818e-01],
        [-3.4251e+01],
        [ 2.7747e+01],
        [ 1.1587e+01],
        [-1.6748e+01],
        [-1.7090e+01],
        [ 5.8945e+00],
        [-2.6635e+01],
        [ 1.0109e+01],
        [ 1.0318e+01],
        [ 1.1788e+01],
        [-2.0943e+01],
        [-2.0691e+01],
        [-1.8031e+01],
        [-1.7073e+01],
        [-2.6076e+01],
        [ 8.6671e+00],
        [-1.6844e+01],
        [ 3.4084e+00],
        [-2.6238e+01],
        [ 3.2377e+00],
        [-4.0181e+01],
        [ 6.6325e+01],
        [-2.7979e+01],
        [ 6.8795e+00],
        [ 2.3461e+01],
        [ 1.5845e+01],
        [ 2.4216e+01],
        [-3.4350e+01],
        [ 4.1200e+01],
        [-2.9429e+01],
        [ 3.0448e+01],
        [-1.6702e+01],
        [ 3.7813e+00],
        [-5.1598e-01],
        [ 3.8745e+00],
        [-1.2015e+01],
        [-1.1735e+01],
        [ 1.6570e+01],
        [-3.7321e-02],
        [-1.6041e+01],
        [-1.4748e+01],
        [ 5.2494e+00],
        [-2.5647e+01],
        [-8.8898e+00],
        [ 8.1807e-01],
        [-2.0123e+00],
        [ 1.1566e+00],
        [-1.7665e+01],
        [-6.5398e+00],
        [-1.5627e+01],
        [ 1.1340e+01],
        [ 4.7029e+00],
        [-4.9897e+00],
        [-1.8499e+01],
        [-1.1176e+01],
        [-3.3559e+01],
        [ 4.9317e+00],
        [ 1.7633e+01],
        [ 5.4540e+00],
        [-3.3080e+00],
        [ 2.6682e+01],
        [-3.0446e+01],
        [-2.5717e+01],
        [ 1.8142e+01],
        [-4.9058e+00],
        [ 6.3471e+00],
        [ 8.8342e+00],
        [-2.0853e+01],
        [-1.2899e+01],
        [ 2.8695e+01],
        [-1.4957e+01],
        [-1.1075e+01],
        [ 2.9154e+01],
        [ 6.4807e+00],
        [ 1.7188e+01],
        [ 2.5273e+01],
        [ 9.2359e+00],
        [-9.2616e+00],
        [-4.8654e+00],
        [-2.8624e+01],
        [ 3.5708e+00],
        [ 8.9811e+00],
        [-2.3491e+00],
        [ 1.8458e+01],
        [ 1.0151e+01],
        [-2.8628e+01],
        [-4.3743e+01],
        [-1.1122e+01],
        [ 3.3574e+00],
        [-1.7567e+01],
        [-6.1576e+00],
        [-2.3534e+00],
        [ 2.4320e+01],
        [ 2.4450e+00],
        [ 1.2431e+01],
        [ 1.0711e+00],
        [ 1.0599e+01],
        [ 1.6954e+01],
        [-3.6003e+00],
        [-4.0490e+00],
        [-1.7007e+01],
        [ 1.2237e+01],
        [-9.0362e+00],
        [-1.9007e+01],
        [-1.6937e+01],
        [-1.7105e+01],
        [ 1.1464e+01],
        [-1.7835e+01],
        [-1.4307e+01],
        [-4.1261e+01],
        [ 5.6380e+00],
        [-3.0751e+01],
        [ 8.6540e+00],
        [-1.7318e+01],
        [ 3.8875e+01],
        [ 6.7389e+01],
        [-7.9693e+00],
        [-2.5311e+00],
        [ 8.0654e+00],
        [ 2.4025e+00],
        [-1.0473e+01],
        [-4.2780e+01],
        [ 2.6486e+01],
        [ 1.3059e+01],
        [ 1.0107e+01],
        [-2.2893e+01],
        [-5.1865e+00],
        [-3.5853e+00],
        [ 9.1687e+00],
        [-3.6853e+00],
        [ 1.9401e+01],
        [ 1.9433e+01],
        [-2.2220e+01],
        [-9.9548e+00],
        [ 5.6515e+00],
        [-7.7518e+00],
        [ 1.2009e+01],
        [ 1.0887e+01],
        [ 2.1335e+01],
        [-2.8390e+01],
        [ 1.6108e+00],
        [-4.4180e+00],
        [ 2.4941e+01],
        [-1.7125e+01],
        [-7.6584e+00],
        [ 3.9249e+01],
        [ 4.2410e+00],
        [-3.8325e+01],
        [ 7.8240e+00],
        [-1.1393e+01],
        [ 1.9420e+00],
        [-5.4873e+01],
        [-9.5495e+00],
        [-1.2826e+01],
        [-1.1850e+01],
        [-5.8818e+00],
        [ 1.4741e+01],
        [-5.0325e+01],
        [-1.1795e+01],
        [ 3.5541e+01],
        [ 9.4670e+00],
        [-1.5196e+01],
        [ 5.1332e+00],
        [ 9.8270e-01],
        [-1.0499e+01],
        [-1.1789e+01],
        [-1.1184e+01],
        [ 2.8590e+01],
        [ 1.4857e+01],
        [-2.2932e+01],
        [-1.6766e+01],
        [ 3.0660e+01],
        [ 3.5671e+00],
        [-2.3748e+01],
        [ 1.1062e+01],
        [-5.6092e+01],
        [-5.4128e+00],
        [ 4.6745e+01],
        [-9.0572e+00],
        [ 1.3657e+01],
        [ 3.1580e+00],
        [-1.8119e+01],
        [ 8.9740e+00],
        [ 1.2862e+01],
        [-4.4219e+01],
        [ 2.9423e+01],
        [ 3.0513e+01],
        [ 5.6541e+00],
        [-1.6913e+01],
        [ 2.0763e+00],
        [ 1.0042e+01],
        [-3.2705e+00],
        [ 5.6045e+00],
        [-2.9747e+01],
        [ 1.6564e+01],
        [-2.1337e+01],
        [-3.7819e+00],
        [ 2.1732e+00],
        [ 1.6335e+01],
        [-1.1038e+01],
        [-4.7437e+01],
        [-2.8504e+01],
        [-1.6217e+01],
        [-9.4247e+00],
        [-1.5447e+00],
        [ 3.2474e+01],
        [-1.8014e+01],
        [ 1.8393e+01],
        [ 8.1703e+00],
        [-6.5339e+00],
        [-2.0225e+01],
        [-1.6771e+00],
        [ 3.5782e+01],
        [ 5.8969e+01],
        [-1.1128e+01],
        [-2.6101e+01],
        [-2.5147e+01],
        [-1.9907e+01],
        [ 3.2193e+01],
        [-1.0820e+01],
        [ 1.0522e+01],
        [ 1.7262e+01],
        [ 8.5095e+00],
        [-3.0162e+01],
        [ 1.7489e+01],
        [-2.4879e+01],
        [-1.6731e+01],
        [-5.8985e+01],
        [-5.3766e+00],
        [ 4.9752e+01],
        [-2.2967e+01],
        [-1.0718e+01],
        [ 2.4205e+01],
        [ 4.7449e+01],
        [-8.8076e+00],
        [-4.1176e+01],
  0%|          | 0/2620 [00:00<?, ?it/s]  0%|          | 1/2620 [00:02<2:05:13,  2.87s/it]  0%|          | 2/2620 [00:03<1:16:29,  1.75s/it]  0%|          | 3/2620 [00:05<1:20:21,  1.84s/it]  0%|          | 4/2620 [00:06<1:03:38,  1.46s/it]  0%|          | 5/2620 [00:07<58:03,  1.33s/it]    0%|          | 6/2620 [00:10<1:23:25,  1.91s/it]  0%|          | 7/2620 [00:12<1:24:34,  1.94s/it]  0%|          | 8/2620 [00:14<1:17:10,  1.77s/it]  0%|          | 9/2620 [00:16<1:27:52,  2.02s/it]  0%|          | 9/2620 [00:19<1:33:37,  2.15s/it]
        [-9.7398e+00]], device='cuda:0')
None
tensor([[-0.0006, -0.0010,  0.0031,  ...,  0.0024,  0.0040,  0.0008],
        [-0.0007, -0.0011,  0.0036,  ...,  0.0031,  0.0049,  0.0011],
        [-0.0007, -0.0011,  0.0035,  ...,  0.0030,  0.0048,  0.0011],
        ...,
        [ 0.0007,  0.0011, -0.0036,  ..., -0.0031, -0.0049, -0.0011],
        [ 0.0007,  0.0011, -0.0036,  ..., -0.0031, -0.0049, -0.0011],
        [ 0.0007,  0.0011, -0.0036,  ..., -0.0031, -0.0049, -0.0011]],
       device='cuda:0')
Epoch   1 MEAN LOSS IS   12196.624072265626
